100000175448820
1535707194
1629319941
100004443643451
709364546
100001480391136
100000109984242
100001779230117
100002280586523
1312325780
733035966
100001809134659
100005677871213
100003856261357
699855090
100001814783574
100002074624872
100000387311618
100000130356181
556653876
100000928899080
1841995410
100002657453705
100001054040248
100001563608505
1270650092
1673410132
510483979
100003583894583
697953882
100002832145623
1003483148
100007060483828
100003750500419
100001852250063
100003302681054
100006187501465
100003166935848
100003159213139
100006302403507
1445197940
100005234478706
1422000183
100001984469190
100001738302073
100002947761648
719335150
100000616991800
100003799232476
100001193631520
100000419791466
1648003633
100000445698412
100000684024125
100003048434496
1674099665
100006667954786
100000874722731
100000570234432
100003022138184
100006396040738
1766100761
100000204944380
100001747011054
100003422756922
1784981625
100000830517296
1352379878
1819720378
1355840364
100000610343940
100004077202569
623265633
100001300936880
1224071347
100000652953166
1650564135
100001879087058
1783610324
732231308
100000240565018
564853078
100000169292977
100002790404641
100001135123690
100002923920952
100000437680117
1310537730
1291192017
1260365831
100000516472566
100002947983677
100001412417160
745777140
100001153218149
688988307
1686253949
100001701441159
516936127
100000040176055
565293660
100009867946300
100010716340219
100001774519789
100007247440061
100006407466613
100007758666701
505779630
100000307238399
719621414
661437016
523414524
100003038806262
100003021766146
100000472143073
100005563511100
648310033
100000586165320
100008173537398
100001819025751
100003483841591
100001005496683
1058060505
743146767
100004440900595
100001126432076
100002991193842
100000001339582
1131143118
100001807118736
627123558
100004005766818
100002676646340
100003557019395
100005652451345
766769864
100000298334691
100001918245454
100003620755586
765228947
100002674204353
100000583662842
100002606253791
1788602059
100000098105980
1844982941
100001563521328
100003056449952
1724361904
646101553
700239623
100000863096727
100001836191638
100000119517424
100000985303263
100001880338870
684600531
757372954
100002584029040
1031101729
884910303
100005489832015
100000161231451
1744819577
1621834207
1722560419
100000399225686
1730179288
100000218185235
100003713787542
1836105790
100000466245517
100001650992984
100004731843317
100004765061969
100008093533217
100004876026929
1842855018
100002683616237
100001009688244
100004144532786
100000299447805
100004457400857
1248380890
1298430933
100004064683127
100006711854049
746421303
539258520
100002569788111
100000124159502
100002385194480
100000111052259
100001563433718
653237447
100000377501602
1071920079
100006446373242
100004256109578
100004563338716
1529940976
743734354
528321041
1014177911
100000344146540
100003656953377
100004869675152
1260686684
100002959340724
100001292170616
702218829
100001141662653
100003962934819
629548764
786549397
1019059510
100004675422696
100000401256201
1769990830
100000165731286
100004968486790
100005946850902
100000146091069
1850018397
100004129302242
100001052110345
503000619
100001326751882
100000771138874
681109550
1363440915
100009059781302
100001318692372
100000410704145
100003958506210
100001954964583
100003128840293
100001861781716
100012780704777
100001722678939
100000354482029
100000469071241
100003117802490
100005001522188
100002034945562
100008835062694
1391321154
565992790
1794342963
714466977
100009584314266
100002180938651
100003843352105
564790553
100004514144025
100000086795545
1508021259
100001129796571
1283843838
100001696609485
100000320035026
100006273394218
100004991263639
100003980505433
100001261711300
100000037452996
100003613286310
100000075540950
100002878345100
771403561
100002266519121
1724809618
100000438507711
100001703370502
100002535260194
557385856
1292841856
100005110170594
100008352310661
100009276895458
100003549349693
1290657110
100006469483133
100000105962188
1675612401
100006988963352
100000213686388
100003942613518
1059361295
1217380080
100001868328180
100007913797819
100001906238207
100006047940522
100001701670895
100001371660954
559882714
100003263726351
100006724866712
565882551
100006386101829
100001034079001
739357647
100000067844236
100004266792976
1628944140
100000317139794
100007655464581
100001704273864
100003662393869
100003034255093
100000672356647
693948807
529781262
100000711849778
717678376
100000094323871
100001012654395
100002836032598
100000217841797
100000604150812
100010802800920
1340425622
100007967319710
100001177940585
100000730198162
100000408368305
100002352164850
1695109558
1739610920
100000159067830
1327333472
771678263
100001180381217
100000253792290
100003197765901
100001574571978
1717058981
100008734362407
548067079
100004489968898
100003059516508
100003154925195
100009500290654
100001845551052
1600230235
1289265859
1550919301
100007884558966
705442407
100002947429968
100001023820593
100001801330374
100005222562086
100001244398969
100003783795401
100006028843613
100006638263602
100009428264609
100006141705387
100004055196404
100004854695182
100004966026889
100005408448881
100002925645504
100000086695631
1814950127
823308443
531077167
100000386401708
100009323381627
1706962255
100005518417096
565671425
100000019978630
100000193759453
100003153399341
100003598039701
100004453260673
100002615150831
100000481438408
100008619182514
100010200488216
100001905761200
100001849786499
100002114037872
100004007332769
100002477897172
1188913423
1834626111
100006818595571
100001833517026
100004279206726
100001178300717
1267615147
100004235010134
558045048
100003503790596
100010007502825
1402794635
100001046238125
1750407716
100000303521171
100000091041733
100001337258436
100001103869733
100001180026356
100009130208515
100003931278380
100004286235264
100000925142840
100000026638982
100001844196096
1579256010
100000621734113
100012431887873
100001764252095
1839992734
100000365662994
100000398668861
100007487353018
100000389668610
100000149557447
100000456504937
100000077784072
100013341434620
100005969071004
100001395488769
100004413215669
100005957201211
573183255
100001528376207
709478318
1797283164
615246677
100003617738178
100000937659082
722129217
100000726764323
100013610445533
100002427027955
100000236083413
100011551985267
100003981339031
100002615274884
1729107064
100004921771040
566754606
700775870
100004136015844
699418530
100006397441524
823747157
100000476232663
1382615695
646984814
1280648334
100001791202974
717027438
100009201115185
691896588
100006139774401
1536967086
624400666
100000248255120
1362923905
100001828714511
100008028307872
715367293
100002083652405
100002637658350
100007848312963
1740307964
100004262940982
1666551774
1744009718
1844529170
711462615
100000329180198
100010474243709
100001962796660
819882611
1109193158
100002569877330
657414514
552984484
617030023
100000096270098
100003650714618
100010442700798
539644736
100000891533762
100001431218439
100001796388085
100004001058228
100003281065841
100001489952893
100004383282620
1810181763
100001518550025
100000585012504
622516125
1440494912
100003820598724
100000008644184
100002223250749
1235750356
698970041
100007193052432
100004033174186
1695571422
594590029
100000083940740
100000879760178
100011352937671
1393937011
1809012960
100001744416910
1754818405
574677604
1214906381
1668724770
1845998685
1500886169
100001627090227
100002927355289
100001801198380
100000733244661
100004543122549
728422155
100001698886687
1580406014
100004338671659
100002901942887
596930173
100004035380950
1615940836
1612732753
1037096430
100006993581078
1710960322
100003509531971
100004011270885
100000177107016
1708465955
100004724531549
100000283287671
100000635062405
657427475
100002136856677
100000444971835
1716833557
100008147943043
100004757296440
100003166285591
1763201593
1368099604
100004514497944
100003911875968
100004985351759
1222185515
100001438592350
1382717666
1802889643
534472052
100003924022904
100004866523906
1455037775
100004599752621
100006671103380
100007926066975
100000578800959
100000427892494
1349169636
100004472370342
1825534245
1826236277
100003008862620
100001735781531
100005146593177
100003935356505
100000066233724
100000452741689
100003869250621
712264767
100002873688469
562648598
100010777638736
100006076891790
100004449853785
100003798515990
100004715832059
100009505821130
100001263011980
100002913180647
100005217581855
100002360242803
100008827180199
100000236814555
738622386
100004216184586
100001997853167
1669986762
100000447684593
100004130855218
100000939136375
100005841510553
100001920081166
1259863638
100000706167438
100006429879965
100002733048856
100007355053688
1725907325
100000128980133
1735046360
100004237386927
722923815
100004170186869
100001023931293
100000471244602
100006726615874
100003034407991
100003719211069
100002550796730
100006585275143
100000197527970
100004396548098
100003797276608
100009347677980
100000106878122
100003037244745
1765661743
100005274423304
100002655718418
1576178979
100000307484289
100004333476000
1703213727
602861620
100001206970260
1638401208
100000843332242
1812958124
100001470609202
100002561182666
606124783
100002077056580
100001662273551
100010970550219
100001840586136
100000184106034
100003915163962
100001769831577
100000084098662
100004661253087
100007998270339
100003364056829
100000023055951
100006800291692
754018830
767331467
100000361288354
100007117426862
100004102926037
100004535322836
100005756655360
1402740658
100003694341282
100005200531437
100001422231407
100005789323484
100000101366009
100004024920440
100005370840280
100001409058377
567797798
1373166322
100003304208076
1149843838
1841334919
1604596120
100001759455135
100001054902485
1844228646
100004686828568
100007117921557
100001917047475
100005451468740
1838564166
1295872111
100012411756957
100001379667370
100004068006487
100006802592747
100001347914969
637234909
1355083014
100000091625509
100001187161719
100011064397141
100000434800664
100006655751491
1036952673
100006476265099
100004232594033
100001291286133
100002730455872
100006979268360
100001479077137
100004712742406
100001682295269
100001120661365
100000292890262
100003790353479
1237847499
100003816980588
1806999863
100003268830776
593360231
100007766292941
100000121110975
100000224155800
1742107926
100000437539942
100001892627488
100003570746150
100004362335124
577126793
100000679495770
100002931531811
100004327181158
100006922483880
100000442404671
100000232637967
1444497488
100001087148157
100006451695066
100005458473611
100002311570594
100004750781854
100000127218083
100010724718299
649976033
100004462750015
100001342956592
100007541111484
100004541679388
100001715898088
727332340
100013207184683
100001611595591
100003690817528
100005392156894
100004101407413
100011431584419
795633080
520071406
100003183231456
100002896429366
100003031910507
100007013826421
100000254420241
1005109819
570952142
100003719603244
521623872
100000172941008
11510017
100005232690692
1276347797
100000453164437
100003304961218
